$ANSIBLE_VAULT;1.2;AES256;k8s
33376261336266666638323563393466353337333633313335393662353266313038623766613430
6565353037383463376638643531333736626334353536300a303439656363343161313065376466
31336438383561313861616334623631353736323561646535363438383664396638623530616163
6463613036396466620a373531313833616534306664663664393436633362376335373965343631
34623431623832646232373261313862383765623864353431336436613432646530316632356635
61626532323235623162373534316538633230323862393932326365396461653436386562323863
65306464323066643237393738613861303265636163393635393965373566666366666561633064
34616635306631323436313135303461393532633634366335626532333338386630383462356337
31326234393230303466306334373939323562323538353637613638303239303062663032373638
31623630666437306361653633333436363232636634373832623265383163333335663236326331
62613337643465616338323935313364383438363235643636363265323530336534646632666165
62303537653139326538346133386664363639373265346365356661643863633130333131646665
35323431323134653836666534343537623933623537313565333666393136316636346432386635
34346238373064613962356639343438396439333131646534333030343238303136336662306332
37326166376330613235666230633432353133633234323835666436613261353039393032373764
62333964353138636466373961353737346139353038643731356561643930383466633164333436
61363939313731663962313138626135633937623331363763306562386633303331323934653736
61633536333033643633346436623139383836656665316531646133613039633963356535396366
64663762323162356637663265666239396562333135363037653333376265366532336233656435
32386437366332333734646664353961336261383638313536646538623866663231353166336564
66636635303337623733396364323764643837353930353263646466636238326465336438363162
37353236653536633333613364633566306338616235633738363238323738356137643665643761
38343533633134313664336636353464396138313066653164386461653537633762383836343234
61343963383736346337373564623837353934623235373232616263626333306562313839303038
66393564306263616132623264323664626231666133663437643530343532323331636639633336
63363230633338326136376338333934383163326533656465363735343061646562373566663363
63373963383537303630336461663661313332636634626461383962303565623133346330663361
33363761323731326333316534363930333836383336353334633837323162343131643733383138
31666533656131386231323133313838343633643662633535383236396638613862373336303038
32313937616636653534393339393338613337343131306333633538613633363439363261636261
30316337386165326433626432613939363636663663306538313339376339613062343439363664
35353665326563393932366437616364353165663465636663653232666666313638626430393131
38383465623336633539376334616138316534313430396531386265336463663266333936323233
63663161346339396563663333396666653135363062646164373039386634393466313161643338
39393464323938633235366462313364643930333461343231363363373362316661636664646435
33646538323034326436393933363931633534323662366363323730326632353464343637666161
32373731333431343965666666393733353836323933393235663831336462323263656639346537
38376137326461666134613437356333306465393239306461636336383431396133323133393333
63383166346638663134366330643966656535666662663665333132363565313737386263666631
34643531333264333566653033353333323030633736666133326634376566323330633666323839
38376230356131316664656139326632343436396531373733306532663632616563363966323936
39373065666666396131373830346363333437663763333937383434643434666139646631363638
63653766333062386561643933663264623964666536303032343537613838303931653137303061
35376639613736366533643663656266636363306465383866326635613033386230656565343730
34393839303266336532303737303861326335616338333731376239333064353934323062353263
38346236656261353833346230353333353863396434623062303133623532396334346163343838
65316630343538336364653365376262623837386132633934323338396332623434343733653238
37616534653137303365373462343062363630666264346664386639343036336165626131396433
35623233623130396533326536343737366331613965666364336665373262333961366639303362
38363862633561353064636436393163336463613837393035303135333336613461306237383464
61633031356163646235316562396337343164636264336364323564613234616561663033663730
36643261326431326433653636643638393564326135383465363235393961313538663736363364
62663664653834643834643933376437316364393364323335626135346232666233313737666634
35366463613663656630663630353938623932323464373534373635363563303833373731313763
33643731386665353761336232623462616166656161616331656439383233666233303931613131
64666231323463383532393032626638626666363930666361336333313831316635376464306562
63663833326264386464643861626164393561306337646339323331666337353139376439613361
33383539323433643636343831613731376262363263383934366132386331323639356333313133
36653938396137313235663837393936663337336339366164306563643364326133303230653837
36313232623164666130303732343633313331326465333934613631613430643236653764616230
66303562313736373939396464366230633330373830343436323964666463326634346563643432
66643938396538653037656132333933336331666131323261353930376462333565363133383032
39333663373430393965616532346438633535383336666463393538363432343738373661386231
64376339346337623932343030653664306132353463633866653830373362396164303065316564
34633162623761313338313138383066336666633162636439313466326539366261363538323737
62353737386331623365306263636337646534346335613437313233366166363836306237313666
61373861346264326161623634663962393732656330303136363538383061633839343937393237
33356333623634303230633662393533656533306131316533373632613033363665383563306661
31393563393631323666323664373565303761376436346666616430346433663962636265386135
66336566353238383261373664666532363263633361356436663465326236643762656238636131
63373232363633366163346430613634313731613364663732376436663164636235653838653238
64313836323861313834363264316435383137316133326363613034303636376161623131613262
37626230656133636534633930326562323466336334663462356632336432306534356265393830
38653037346562336462363835663632616364613037366236383833623564623337633032393537
61303539373662353638396237386538646338633864633233303764383836626139663064343134
30383636636263376462343437643633653361383730336431383061313932323332353737646362
31613139363631623633346631396631653964303964303139653835326237373763333566363238
35393533623737353631316137656261373136663134363234366462353464653762646133383030
61663161306563323537656565646430626630363761643136396461383736623734393330306539
31623362663865326438316331313761376631323264383362326565636665616466666131306663
63313235623262313966616436396563613065306133653734323864613038316232353963376266
37633663306264636330386530663865393931373262346138353964366537616233313466376339
33666366616636643139313538666638663738613938366132336536656236393633303562623235
38343763656135306439366231633331393431326530346561313332616465353062336365633562
34653462643965306663383635313334386666306438393863306438386336383563653266623363
38663566343636633331353335613662333665363734623138326363666563616331613238663933
37313630346161336236623939613430303430393937303732393934633336376139306430386166
32353133663532343333666536653464366531613165363937636432356133643832333133366431
36303431323566326365346565376137343333303134653862366463646338326334333862323536
36356465373664393562616665366333356461336134363233393737386232333434623539313738
30306236623033376131303332303165613663616564383535666466353333326364326537616130
66343435626165376334653936393739303038626265373133323237663937383031633537393365
31333030633233613463653961646566343139363161393239363337663230613636373535313030
61656532373762376634326132626132343533666132646237643735346365306465313963653534
33623864396265313834303362623265373764626335633536636238613565396164653862373334
36303166386165393632353766373533643264613434626663613466383266363234633764363537
62343064656563343466353265626362646436373633303666343433643834623330333936653064
33383465653232323135346562326362633562663536623665663862666532316136336335613731
32663932306536653237383961336235613635623866356437326437306465626432646234373863
63636138313263353461363130313862613935386530656365633665303739323330383837633766
65346134633933666261663430383235356239373934353635653633363535326565353636353234
34356363326136663466386232376538653130303732393439363034323362653062656464326436
34386664336232633238366366373261386130626362643531336137343139316231383264363536
38303032613130333038626666393637343863666261306462646237613961616630346534363561
36333834653361646237633633663230333331386261306535353262653466643763313735343632
31623030316364616534373237323939316464373339306432393733363637323663376565656331
33666163386231643731613430653637346262366139336664623236383637623064636334636166
62626130373161346537376238646263646331656330363633363965326232373232393362346362
30346639343362626464336132343162393833613731333061376535313062656162363639613331
35656164393662663866363534663336393235663263353834646436373936376631623633363538
66393031616264646336653435363838326436653339313363643563613963323666366336373539
64366338616266656335373562653362383163643335653435316439303561333039353539653535
32333363326236323934353236313933656630356532373135333831366637313830613833643335
35323332326330323731346639666132663162303731326632616162386563393930623431303632
30623864396136646363313635653661663230643764623436393130366634366236623238303863
34363266396234623166346139316234613932626135623037333564656166313764663630366531
35633639633935653135393030653965613336366664363433653635346562333338646536336436
35386238323661616338376161636435316166313133343133373764653939326362653266656630
37663532333365386630646235623238353332633430616462303966376566663538336235393231
64656635373639333837623738633336303034666539323533326434333066313132313638666234
35323163613539663939656630343838633531653137336437363738643834626435653232396131
36646238363633623462613131333463623932396366363362373439333531386336656630613438
39313863353134363265356436636465313539623064373539303463623633613661626233613165
36323434313633613738306466313864643837353337623837376263663831376339613165356631
33313961396566633839343964663831646530386464336331636232663862386138393664376631
30353032396461633665316636393637613838663963336637646130636437393036393964623437
64333034313138666430333131656264653865373966313361343638636631643263373231346535
36373538343362313565616265653638616438313439343266306438373865306163333366636366
62623562366335643737313231393765303635323963366330643636313365656637336664363534
33316139346162396564636131616136636364653963666235393338336631626433383564303465
64393338623731633962366534613163323566343333646134383963656333313666353736396536
39316637643263353064633037303536356438666338653532373261343734626232363936613637
30313865653465363031383664303163346437393061656266646235376166383163653537653039
31336661303135633039666461356335313166346562323238613137363466346538353032633438
64313036323230393461663763393633363362653334383033646132386430633066303062343230
63626366343434626135633862393036383335336334653764353061363138663332373761383035
36303533623765373436616433616237636539633336303961653634656161636639663561373165
63663462353462306362366564636630363437666335643731373236383864373262303134626439
64643439303964373364303534396138303635346435636661323130383961313566346466623939
35373635386333346636656632346431353961393739366238303339343361333966393038333165
30303166333734343931343630393734303131346564653561666332623661386334303866316461
35383661303332323765666161383035343630383937643533353539353434626534656334386239
36613464616531363530313035303537346537636361313761613965666235313562623032343432
64653531366365313033313331363835313135663731363863333965366337313762613830316630
38653038393564393438666137313335663861636462653261313035393932343062346363633366
66653263386235663066656639636362303161656438323566383766326363313061636538646331
35333734373933363234616663346566303736663139363765376132313535326231666662346463
36653165363838326437353336376165633266636464336636343764356334613036663966396232
61393333393436316138643363306533663362363931663966373238333965356561356161623333
31333931346161346235646662316233363464333261613134636465646634663665353134646333
64313361626432376363613065323831636165326230393065323166313338316137623862306438
65663438393665356131366261633063356534643032303961336638383137376232323037316363
66343262303339336534396531333437666131333037396234643334393533323465303262656365
35316331373261656333316233646432653839373930626538303163353834326463323161343236
64623866363336326136356130353030333632663265393961343864636266383335613161386437
37386162643035393330376138393632326262396665376665346133326161623564643839623431
61383232303266633463393239666139343337653837393733616237626165353961366665356235
65626138613933326133343332333330646133333230346632373965366539666230373863613933
64663561313466376565393066326166613935323838646565333934356431646635363766333065
33393834656335623039323432363032353265343266616236326130363365336661643235613239
63313433336633376263613838373961336365383263326361636130653563623335396330306265
39633532353237323031376266306531636232386464613233393365636264653933393066623464
62626630343438326239613965313461633565366538366534376561646363636630376334666430
65653564393430363664393635623733363234383165393234323466363239666235633461356630
66663335373730323937666138666362363165303637383030663537663435363364366136353334
64616334313462626438626330363632613134376131333032643235353637326163376562663339
66643839663964396530663761646262393066316661376136643666353062626437663838626630
30333239373932373763363638336233303438326137343235393730623334313739613836636363
38666265353632613663313464626231376138346464663534343234623363666663373561646264
32353762373037376666336337356261643164356333386434323039333238653262663263393264
30306664303662316561396237316439383566346637646133306534643035346164393565626436
36363333343461393565376664666238303464316131366134383435306632386265626131303031
61386366613835333430623063396236303233373931613733373161646166643739366436663634
34653863613936313163353038303333353331323038303831396635363239393839393532323363
37643033313463323537353531303464636131616239626637626332376131653366663839393866
62636462646530343838333733356430636333623239656531363730333064623836663361373564
61396534393137383336666230393137316531613065396130333261616565633163626364383630
31343962653563363165613762386237643037306539396133343437333563666632626466616364
65373632326262366535626138386165333039623034306236373339376666303131613462333638
65303931623566636135376237316434656639346264303565653336326666366232336462613639
38333662303437653230393864303833333636643037646436633161333839356164353162373936
35373838663966616637366235633164363161303235346363373331666539326432323733383466
66393333646632653139633165613331333232393662356365333336303131386363306361616666
37383766313765623863383836376430396161313732623238323263613030623165666239393231
32303239666261393639613632343332613536623738626332353332643232663636346635303332
39333661353036613662353133396162323634376539346230643537633531353538323038363065
32663566393965643166383837303665363538323863636661363237396663636137333833363933
34636530643837643931323331323835316332323464623761373336336330333862303038333136
35366539356634663035663764313563333032333537306265333333633863326537393062326561
36303335643062613363666134663630396430353866303435373031343766393238643339366138
66323537666436383235643563393733643631666463633835303864396536323936346161663362
66353033306366346632653931363231663339633135353836353331383839316536366366306533
66353636623161373564633961653065656237376534373730313633653136386530663332643131
62646466323930356432376565636335643061396130346361363830346235653337656339363232
66366464316465396330366434663639346434663731343066366535396139396365636133636439
39313266316630643633356164613262336463643435366165373361613062373837663037343162
30326566393164313033323562613236393737313030633966336365616232653535353336663537
31323563613838646537303334316265333132316135643038386236633465613639656536386435
33386333656132326135333861653361343037656334653234623162633033636263613666633338
36623333316430353662613932373633616630316466663165633839373563336236373936313036
30633930333165613633626162653035383062356234646566323965356438333735626565613930
33303134643063326263333862396366616232306462306666353566373764663733303465656339
36646630613734363961323762336361643965356337626363636333376630373634656662306334
62383738343166393665373437646532313339646266613034643136393563613930336663626639
34626238383631383166353435393264376662616564386261653462303365306133646134343739
65376336643538306137353366633334353731653535343832653932623631643764333933633664
61653861613362393963386462373036323264346533353833343333636166333131323537306438
65613435373266666630666566366665336533636662613537316462396637376138333333363464
64393234663436383137653066656236616634653338663165353961626465313834626565616637
32333630343538376430663239353936316333353761363466386466613839613238376231393534
65376639646131343533613661333434376234626332633364393266366162316663633136356565
35383463626331316333356263663563393130653239663836383062363861306233666163353763
35373664393036626130376261366632623532623335633736383761323436323062316361373939
33306434616465363263326463376431393630663036333736613965626561643337333933333334
63353166613861613733383536663039336630373233646530363735656136663435623965323530
38313733366233613161643532366232633537346637643836306437396233323331366537613639
35333731663939313365383062346465373631383462666263356362303065646335613266613432
63396139666335323732326261383839316130353234316235386264323861333630346161366235
31323836316332346561303061393361313564386337346634336637326261313331646134613237
32303433666261306435366431306565636530653032653362306239356330373530666535366339
31353435623834313033663338303565656662373532336364636332363036393262373438663465
64313161643430353731336230333961653038313738646365633336343138363435656532636438
64623033393462333564306631363538633437643864656335323433663462393333666437613731
31353030636438366536386136666233613666366437613463623763316362313766393838656666
39653232306662336333396235633035616439393337623636356164303462393132306332613632
61373166386663386262303138303835333565343738626138336562383737653733613263633635
30613534323730663132623130633863656366346163616235626264666539313366383537666532
36633437323565623462313663366233396534663264646364613765343065383166383763326261
34306661336536356366303665353938316362383035313963613439356564306633353466343438
35363461383738616663366533326436656136323264356237653064333737653630323037653037
31393435643831646162646337633735393239626265666563343262353066613263363166306530
61363262383233303866346636333061313134613631623162306165396465663839323231623934
34636466396464623865303061623739643966633630383064613139626565623432373566306332
38373332663330333266616262333130663864666434663733613138616563316164333364356533
63663731626330653237323736636237363637613439666263383738343337613430663964613733
63303138623530393532323039636537386466623038613664346166313864363865366339326366
33656339666633613439363265383564626432616335336132666138396538643239626130376565
32323536623733376161633837636362623664333161336163646266383164663664646139386533
33376266666265393864643935306463313532333339373238333166366138636364343435346331
65323031623661623764663363303562336264323861353636646638666636316435616136353231
61636137323434633663653436313866393431333764386466396131343363346536376639613261
32336636326634383830393739306233363566353563356462366533303833373436653131613061
31646338356437613937313837613331666438343835393139306336643831313937303136623938
31663433396661613638656665316262373462323261623363313731626137353837666562343031
61626632633131653739393932313662323733373739393462333037346635616234386530333338
30633063383765323837373562343632316263633030626237623830323765383636666436653336
34336434663931373430303765393030613036393339343934653630313038396266356235303064
35313337646630613863373263396139333464343736646461363066396538373635373765393362
34616635303431353031346530663235383430326166306337313939626133346566323234396434
61303735643739653432653464303864393233613535343238643730333237363662616630613134
61363931393231623965313165316364306331333934646133306638326536643738636238393338
66386437306264663636626465303264386233613961336663353462623362316133323062336636
30303530656430376563306366666163646363346537626336656363643932363234643466353631
30326232326434646132303661353235363466343661663935653431373764616431663630613935
31666663373638656631366262363730313539363334656433633262643161393631353831326234
33636339393565373464356436376437623534633866343861323865336266633837343064633233
61386430326536336132363630313161653530326639386432656339643462373137663263393637
38356433636432363934623762383533383439646538656531623363643932333965646636663130
38316338346662393538303164356536383133323965626266616536653330353736396234303831
64396163366435636362616661353565306666333061303330316438363830313061643139353239
35303433323334633935653739646565653331393663643034316465613938363266343631616163
38623162613138323230306339303166333335303335303633383130306463636333303238393237
34373836623163343066313330633761626266393565633734336663383762356338663032393263
62363937363538626531313832383531363735313763643034653031316163306638656130363036
63666333396362313933326464623334633032383039643631306263353131653163613933303932
63336237316462336166663664626435383661616162343764376535623936653930663761396164
35393035376561366131616137383935613666323265636263393362653432373066396432353564
35336332653435623731396465636138373763343463386436646561396133633062633864656438
32316664363939626439373433623737396363333733353836653137323166376564393534393630
61336263306665653131346337316332643833323862363434343331376431376531306662396334
34356534396530333565313863653133613531393135386664646137323135613462633365653661
61643862653830666439363338393832376637336238306364616336396231333932386130633266
34313033316163393939383665333838616131646562333661633231636365376362666463623134
32376666613135666337306336613137646665333766636163343964633839326438356636343537
30313032323864373134613764333665356630393262303037646663646361393262626463333836
32373230393631656432393363363435386430393933336334633166346562643830363537636232
39643564326634383363646139663237623033313234613466323764376332643839623538366437
64653635313766643938336330616338336136303135306661336363643133303864393332633030
33633736663363383266323066346466396364613064376230346663653232396161303762643561
63343766653334363637643438336365306332633664313633373662396361353565376262326337
39396133313835663234383834636638386263653066396464333461643563333132663632323032
35306636313832666635326439663264616561336238363430343966663631363832376533646636
65653533326536343663346330343630666231646233653430313061663635636634623665343366
36363962356232613939323230353436356536373261383865623336383461393633366337353134
35643630376263616535333232663430323734306137376237383663643934396163343462326330
38623336636366303537633365633463366535303962383939383765313764313935653630663039
31363561373664636465343466386132366532396439616434313133616165396636343033323636
32326534373934303635626463656430663835633631333239343236373231633237333262376634
36313431643637653035376261613536363063613666333836343061333334356637303233306463
31643163313732613264326534316130386435343761316236376238643234303037373861356434
37623162666162616239636230383332376530326635633431323230326434303361326433343337
30643633356261393130626664653635323130386464663137376330636332396565333837613533
34643632393035303939343732643137393735363837333837386536636565326235666238303738
33343039393530363532303866656333353530383265383239646434633232363534303832393530
37376634343565363865653463386562376230363332376165393234333236306230613436353230
62323836323235393538336563383335333165383465346533333933316336353332643731346630
32383063306137346665303462393762636565383665313663626463376232373233323838356438
36323936343963326264343236363539363734303334623434306330353165303564366133636630
366536396338616636396638613165346265
