$ANSIBLE_VAULT;1.2;AES256;auth_codes
63323336633532313339323461393831323330383264643737626133383861653538626362653830
3536326362396661643065363935636230316366653462330a393262383530323831316136313361
63323664666663643434323464393932333430363233623766313033326537303265616638636539
3730616465346138360a323864346466386632356334613564666538626338333266653566643835
65373165303734366639376635393830646531376130396534313936303539323135313133323333
30313266303831653263366365336665643534623666626561663964663362373662643930613961
36653231653830333231313636656161653730396435303836303161396266393834363362343432
31616134633833613439316535613465353866666138626566376566373635363965623333646636
66383231303031633533303234646435646561323033353637376335663136333634396163323662
32396133663362646535613233623566616332326566396230386365343966393137336162393634
39633763653065383237343239343636346332626635303361343237333862633834646130646335
37623331313836326335616237326162323439383933626130663638383437333764363930396261
35336431303437653666636139373834663335646562613139376132623861313066376161323333
38316132303834316338363933666361303733393065623461646139653039393031303037373236
35643331383863356435333633343163616335343963313330653662653332373831396436646266
62613532386335316663
