$ANSIBLE_VAULT;1.2;AES256;ssh
61333863383830316632613862656336616266396135346666636333306135633039306566363734
6438376465663536643364653333393061363834623338340a666163306634363239363535346332
39626666636563613863313362323565353963353932323062653864363162373766663530623339
3639663561653361370a313338623264646666346432316636353738346437383238353439353834
38643136393934363364643265396363666232306566333234613232613836633930396536626165
36643464303532366433646436323839336662653166336536363635396237383534623535623234
30643764623637373563393863663262623831653462303262313239633964393032613662333466
65623563306463653466363738323162653265653431386532643932393038663334643532396135
63623639646539316138343164653436636332333234346665373135663533636531653063633764
30383036363735346662396236316666386231313263353862633962353362636130306235346236
35336532396463636265633264333962633838353363356631386531363239313166303738393839
31623361656536373733633937396432623536323161633736323134653063643733336532396664
64356131663234633639353664653439323635646663336231666233353564616463343437356337
36353738393966323865363866303737316266383038303835633734376563643163336131613261
63663033353562386562383539396338303235643161663066613937353933646631663138626366
38353761336661623933373536346335396235663930633663393430363737643530633037613036
35343439363733643333656134366265353737383961643862346463323136313562336363643064
65353232663138316135336338333338326264323163616439303535393031396234666131353538
36666535383733643162396363633634653538643664323966613165303565373337376231343830
39383465616264353962383538346538653561303334363235656133386139393363623064303663
61363466653363303431346231616262303131616565303839643262623433656263613231653533
30383333643363343833613061373565386538373964376535366637356532366466636164323064
31323666363232353464316230363635646137613062343861663835306632616263393665313233
62666166303861636339336434356539623536326462643163353539616438373361653039353432
30356163666534633163313962313133323739656435636137396436653636393761346237613962
34353535366634336266353433376136613335363138316666333838653061333138613730346134
33386262303263666564613230376466386262376230613739626231353435366133646137656462
30626138373066366562376136306633333765633638356137633863393536356266356561383563
37616663333963363766363839316137323364333463393539663962306563336535326331616230
66666336356536356234383137636264353430363731656338363964346264373364336461623439
37663138656538636238653361623832323964616338643132353334313037353238613563643634
66336261336636356464306566313634663636366332356130346135366535326534653133336338
63363564613537363737626334376138376262363830326164666637323462653566363465363164
63353334396437383530326564383130363063336133323435626430653239393633353061306632
34643830373236323864336265613533356436623137363264663665393730386135333334326531
30386465616661343761356437353161643232653635326530633261356236613863303666343466
35326632356436343831343039613163626433333339316565666330383863663332353664626465
36323937646661343565323965656632383931333831386461346462666536366637376466346331
62303834373231353630383134343431383835636265303465323336316235373632336339376531
34666635336534303534353533306561633061656432656230613237346163623962336362623361
62323637663037363738366662623538336630626162336338396665646331656163386338653139
36616338333530323335663333633062623162303565313830353061633762386636326336393265
38316166376363343965383763353736616337376633303364656265333933636534366130306366
34383234623838353434303262623234376665656661653630636232656564336231386163643730
36646431323966653731366136656131323032313437356666356435363431353237363438303264
61333733363537356461346239633135363066323031323737303936316136383366323764316238
34343061376561373037323938356664643961303934626161376261386461383564383836356531
39643533633062626136386162336234636163633565353837643761343731646162383930303463
35393833313337316265646537613963383261613930396531396235383463303831646665396565
34323730626539623035616236363463643036333561663134353063636465356430326363323564
66653937633037663264323837623739306634643335323837323438333337663536363132396139
66363933316433333435313562363164346534353262373264313739343334303465623331613338
36346138373339306162323539666439303238643030363865613762393238613434323138363038
66303335343933666263356635646139386134363230336431613362363634623033356562633565
38623861376335333838326636313432383234646230363530623466386662633633386264343462
65336134396636306661636161336461323632646631636266373233336233376261663237646330
34316137613735663764303765386263626330626636636535396566386138646533356463333066
37663864353139653831316566323633346263366362663232323537383639343264353037316336
62353966653962383639303033666564366131363431396164363062326463363738643336376238
64343139376662326663373234313961306435346439333834313963613134656338663637636533
30353536613135646466636137626338393436313237656334626564613333333039316266306235
66393836306461376562343965383835626331356332393733323632343065373338396531383339
65376363343261663435326535636231396138616262313837386466306139366265653465373064
62313833616530383038363539666564656435636662343639616433373435323839363062633035
62626538366666666637633536373061363030313634343436333265623937626236326337313837
38633836326362333561656535383732646239383936313337333765616137623130623262353036
34643764333762613637623261653133633763373233303433666330386635343764386430393835
31656630323038666430383438633939356537366262386564376139333231363339666137333139
61643439396431353261636663633336643138366662653537623861323636346365353535333965
66373565336564643538366661353966643431343032623539643037363138663939383039363130
64323639663135626533386465326361623163373833333334613036326633316462313231373563
31643336663061326266613733653031323836356364623630343264656334366662323063613764
65613361373764393065383233373963306237303232623866626636313633366361616234333663
62336437633564373237373962333535313438313339313861346361393165643963646237646266
34623864336263656365336535613637313831306537623935323033643362633266363465343733
37666132323739323463396133353639656462666437633431633039643937313566356264613664
62306566323637373462373364333630656437613765326132383230336532393532656264376439
62653465386331633833336132386133326333616163376262336663616532366333363233623161
63663234333536366434366366303236613365383138343133653130663133323161373339383733
36346332333138663930383862666538653636643161336335363432623834646661313438363764
39646262653138366265396465336636353232336137353561303166376565386261306663313134
64633261323832306234336332363437306536303366316664373063363261633133353838326530
61303836663062396435653962616366386636386662343363646630363536386365336561666437
37653035376662363938653166323166303538656437393839636662643433363736643837306132
33656465653262646136393561333639303535346263333230656361363630353638323061656565
32366432323134666165653939383832356161303364666131666134366363633965626230656363
35303332626264356331303866393439373765303139323662633734353565373062396166633538
62396530306331623938653262383664666134613661643536666366323731303964353931343132
62386361626333383738376435313261343035623833373364313761626564666434633130386133
61613736386561643938626231376265333539346332633766383732323061313336363037373631
31633666353866323262326131363530366138643037616635333562656361656238366537653837
62333664333564346366373062663230656535346338366338666564336639633838383161626633
33313737366635363036326361666432316462323533626463623133363131396563393539646235
31656139643935343863316539623561663236656361313665656563306337373163336539663334
366437376335383533353732383331343962
