$ANSIBLE_VAULT;1.2;AES256;ssh
64356162393066616561313334623165356234633065396531643437383365373431656131633664
3462656435313635303461303439393331303765326437390a653138363762656561643036643663
63373934353035303033383830343236393065303362666164373066376362323234666532323862
3435396266636434660a386561326434623737613366346434316666346538333730323365623066
38626665336132626133356262336130383365373936373132383839326362326462303965346436
65666331353363346563356231356437326135316435313465323466626330666266363330616635
65336337353466373332313964353233383631633633636332613962393938326139623464306230
35623933333462636466643066373066396265643532656138323839643765666139393362623866
30346435626336383537323537616332393835613731666261313234323936326163383937663366
66613235623533656365336232643464363036663438663439646665613637303364356139366636
38353265323065396466626639653137353430323833623964363962313736366538363264653035
66366535306430383036336138316361613132363531646263323734326136383765366630376163
62346436383338323664616166356536343138376333336638323632386532616364313132653565
37323830303566323039333933663762613533396231306232383835663962306566323939353832
39303535666136313837643130323331633163653065303834666461306134353561653637303037
30383362383362316434373965643166393266386664393564656233633161393464346235373132
65326165653132646234636531336164633063656633636430346434663265366339653864303862
32396231323930316561353362383437613764643862623364336335353437306635623036646134
37326238663833613234346635656331343637363635626134386562663039346232386634383930
39616337396434623263316332663331316531623334623038313239336565633239383833613834
66613134313632353838646464326439303130653932303237383930316133396338313135336539
36643365323432653033613161353538633331323334346230386664616130613437373865346266
39333164363337313038346536653330623031373735316536326466643334316238626638643461
35363265626132333864643132363162386163333863316437353137656164363636313936336530
36333962353034326336353332386363336436373034643934623761313930323961303839373032
61623563656435383364626437386533376462306163336564663638666564336534616434636461
30626562326530316665393266653966366365613636396263356533666134363563613136326361
37383133343262666436643336376633633766363266653133306562366336663433323839356261
61633566643230313138373362643637633734623537393731393665386534363937356336656234
66393266666561663132313630333837643536653165373766633961313135646665633336626135
61313362386163663632653763303537653335303835316666313831363835353537356438383761
65623437363034313630613134363238363239333035353638353932643666643964633833383535
35323733393037626634386262343630653039323736653630646462333038633936336566313762
31636131396637326639643966373463353938376638313331393762323664323733303733363935
32333266633436323261656431653366336336616334346131386137383731396436613261393831
31663533643531643133303836316636323335356139643030623962653965333733316130316532
34326632333264343633346565376661343036643837326131646234326662663439343930623335
35663630626365343834656437306261666164363332353163643461313966633237333738666363
64653465306665653239363237626234643631626236326166343432373530326562373637386463
66326331663531373766653638646166373435623434633630333632383032306234306563313936
31643138386365356666646164346634393337303634336161306363383333383132383165323162
31336263353464613432653338626334323336373539643738653035663130363730306261393561
32353161326434376639373534393830663530623235306263306363663232643337353564656630
38623131363166393230663733326132396132636331626630616132643134356332373062333133
64616239653433333664633761326336326135663435616630396139306532316432356133373638
33343339383535663464356163393733383366326666353234663361643161663761353637613634
66643938346339343737333139613337323038333139373631636131646236393332323637393034
36336430626537646538383062333233363733616637626438326430323130656532626630616530
35353230316232623864613231613237306366613462643266376335633430323439366434376566
39373135333766326336633434393566313233663933303864396563656330373237336366353864
37653838333062363333623462316633393832353264376234623734343862393235653965386238
37356237343963383562306236343933366535346234653863383634616539333262623335653336
36303764323530353231636233616137616565393263343662373336343634383133366237373963
61363032653266613336346538363161343038643438623330613235343835373536366630346535
65383538333438323035396263393762646534643763356534363263343565333061306332383564
34663030396434613265336433666534393134306132333331396234626238643734663563313562
61366431363031353164383936383131326361363361376632353763303534313261363161343634
63303762656335393030306332303232316463626135396361396462333363346535353433313936
39623334356236363535383338383962333539316464326135626233386333393033643035663634
30373631656133623034363531313033336263343864386263626535346436363531383263663464
39663265363537636462613061356361306535373332343932303361353235626533393532663435
39313462623437373637633633616466306263333761393866303535386330663036343031373636
62663565306661656134616432613865313337386532316133393231373132656332383036356530
37343765656434363933653430373535626537303036653130326531626332306338636161373832
37323361363864313366336563386662353164646439653334333730386133613736653434346536
38386335393661343466336634363364636564343439663539666632613661316434333863363165
37303166343062343761353537373134313664656362613736343836653935663965333139623035
38363935396133613739346264376432623836383336633139323463373936663434333661646434
30633161326363313139613030343536326162316430623936323631646531616564643035393666
61656532663836663134643766663538393134363033323337353233346561323633643336323866
39303333343534303864663030393861383465616262303536343139326536613765393466623133
37626564356666346330396365373635646334623861323761623466393933343937313735336431
30356536306631366631613133346362306134643634356338346364343437623139653631303336
30653738633632623634333462316139663534326333633437316535383461303865383439376435
64333637326436323234323261616636353032626535653837613461633261623732646466396330
35393164316531623536396663303061363938366634323437316639313233656133626564383830
64626362316336323065653832306136383239323463666636316163393161643630636161393732
32393730616639663734623430393634376561316535343363393535306534336137653863363530
39393533333033373238363832316365373262623932623339356663643263666363666533383135
62323035653336353266306531643764666437613436373761323737633934613936383166666631
62613363336233383535323865316235633039336131393637666536326436623734336661613238
66623931356562356437643534613165613831613665316238653234373630626461316236356430
38613139333861323238306231336239616662326532653132666539613463613034313438663331
38633234386530613031306239396434633732363332643363323034613437663661313930386431
37633536386265373038363237366233633963396164306236333835316662303531663331616235
63366661636633396333656639613162646131646431643032323334393162356363383333626333
34326237356438663564633232656539376436373539363436646639353562653437326435663464
34376339666433323330363733643065646439356531323866333536323461306163386334393464
35643330333461396539373665626432316235376163653639326635633165303361366431373462
61333663313961373532323962346465323234373134313731346333626530396136613838363166
31353636313761396133366234313131613439663665363636306230353362333537393131366234
66656639643764303038343337316361633732626139333663333661366433313262643565663930
31653866373936303961306466623663323936316435656665353032336464393137376435306161
35663639323930646237653239626533366163356335653136616334646131303734336534623161
35363931343939656239326163623039316365376438363633373539343930636135376161383037
33636362653466313938656430336234633734383262343166666533373139373639386432623062
31613965656266306264356461306537623139616233333238623230313239333865376437346533
6634613430313036336635383534346633353435316636346162
