$ANSIBLE_VAULT;1.2;AES256;ssh
33656161626434306566633966343634396237383637303231343963653533333433333436336561
6565333061386430383462343331626664353663333761610a303231326662613562636466306463
63326432333264633630626166396136613561373631646631623831623533643534333031633062
6530326433336532320a663132633931383630383563663235326563303166623332626530656539
33643635643030653566396138313932363461373262313662613739333434323232316339323063
61623535373162663635653063363463633035643261363461626161356164363162373436643163
31303531346166393037646537616166346533653064326332393535373065376363623862663438
30366562643331663930366537323439613936396438373562383031663939346131393934326135
33653436346638666665316664646139336362326166356536393265353663333364626232343762
36623563383735383433663839376338616639343862373134353466613931666564626335383232
39396262373934303333363737326266666236346438313962363365396636353139346461653961
61363866303661316536313966323364623336303466643764366334363232613930353532353631
65313431653264316436636563376364333438613137303034343462383661333861363533353134
31363138313863356531333331313865653138356264663739663935346531336466663264323238
30323863323363363336373462356138363431313761623037303563373131366633643536346465
34336435323134356265353434396161646637623737616439653661396537303635353561646262
61663530626663633066393930303532656535643262333362363731333263306266646262363936
30373662326466633136313363613963383230303462396665623434356630313837656534376164
64356263323136323938643361313866613866373436356636363437646236653638663136333763
33636435323536643833353233663035353063656431643333303735313135396461366539333364
30343938646333303938613766313863303035663131326261353162383336363963373530396336
62656331343037616636636437303133333131383637306264333236333733346438666363623333
33643662653930633963313236656537663333303138333531343435386633333963366138343664
61313062343931333661353932666236346462656638396431316265353732313735333763643930
36613638383964323239366530626533326161333064313139626265353030623032376435316139
64653364333336386662663461613166666563396665663930623062373735663665386362306263
306231373330626635613362366639623334
