$ANSIBLE_VAULT;1.2;AES256;ssh
39343962656136633565373139636263646637343165336634343661333364303437376239646532
3033393633316534303362613636346363353831616331340a643530306666663565613837623463
38613133386363356537326463303563393738363465383561303562363864393934306236343662
6437383135646661390a316263343033666261336261633066623439643465393836393733366566
33346162333230653239393538316363333966353961366163343336656336376230613032323166
63393237313536666263333334653138373935613037663232656162616535666236303364653762
66383135646537373638303337623234666435313762313334616265343431653863393138303238
35616464336630343139373565393030343839343939303565613836323365306630343638633264
30326435366536346634626539646235326139393964303130636362393965353438313661343038
34613532363035633266636332323634376565353762333939336631633831356536616233326563
61626330653565386439616137633865383663366631323830343632653033326636396230666366
64303936636433646137373036316433643731323530353362313538653132353433633962376263
33663633326262303436616537313738373332316535346330633432356265313036316264613261
39383131353839616362353561333638336236663262613432393233653338383139313961353337
30633835363436623532343862303664333764323232323066333864353932353861376463346263
64363935313430306335653437323931613263643931366132393766306665343035633030343664
31316333343564656535316637323566326637613738383530386334323933656538386432316433
39376466343661393034626462623265653265633632323638353732613237383065636230346164
33396139363931353763306264623437343164373334366163333938326565363364383633383032
63316639323665333562663037666333386435393933613331666164316135633964303339326135
39363666663139316662393961623336643733383437626439373237396434393330376632643234
64313263666437343563326330656338613461386138626536613462643235396131383230353837
63616137633134383133653232356564323635343966353766643835346261346133633436303736
33643637373637333433376230356134393338333032303564633038653665643965646239313331
33343562613363396661633631343764643037653762663065643861646433363962323633626336
33373461376433383566303136333463363231386130646161366135633763626236336532613238
33366564383065643830383731663837336637393162326636366238386264313737363130653134
64383333656231326535346162316536313938353665373664393234636233353861336432333631
32666566333166316366343935353631353463656531353463336139306234383139306534643865
36313836363333343363663234356263393738306537613261306135633863626238356236316461
39613163313033323632643536313066613562373737386466623038376635323138386634386431
38323561363365323633316538636266666661396263313062376533373535326632373135633138
61313336353036323538353837393363366535653234653338363666313536383330633236373662
32353932383564303431363465303762626336353963393932353736653739353130326437613639
35653236383634376131613430623739643631386633306333613032663939636563613661343039
35393230356330623935363734376637663738633030376161323638313931343135383736316264
63333366323365616339353334633765646233343936343434326532663662346262623465383838
63656639663066366336663634373138333831313839383536336130343662313134313331393338
31643263366639333164616536636238653532363261333465346134303862383232643863353139
61386433623039393562323930396261313331646163313834663461636233656464623536306465
33333838373564616133323366653332396331323337353638373632643331653162613731356264
35643935383535653431613862353565616230316334623465613630653334336139376331333664
30393130626566306632666634623063666438383663363837306662313730663165626536356265
32663364393538316662396336306230346437643761393830646435336563353961326237356632
36396662613466396461663563626261363265636235373233636434376637333337633339333436
31303565616138626463353164383333356136333162616463366233643330656165623432323264
39393832373664633731353736333334653062303133666336393533323830373164353962623632
30666266643734326162633631623237363165633364303732306162643962353633626536356431
64363663373339616664386137306630356134653961386532343037333235656662326336343039
62373537633961613837306434306164306131626163356535636630633731633639636362303631
66303938333138313334613766343336613362383264363437323332383866303931353133646462
65316234333066383935636534613439363066363633366333393030613864363734353237656533
38316363386564396261326166633865343366393536303465343166666466313162306133366533
63636538633562326262386562613336303166353034633239656435633430653037366463663938
35333866643437626139656663373464663162313731613062636662346163303135613962373436
38313632616131383465363732353761653537626334623831313863623130636363346338386632
35376639393963613262653163616132626664396561333938393138303031346439326363336137
63373732633865316231323535616235653861313833303864383133393633363536316561653334
37303437373337333933343961393965666636326436633264653564306261663931373761616561
34376566653737663738356437396539393232653332383865373336326338396135373038333931
35366532313163633234323464663162346334656134623331366437373363363930383633613066
33626365646539303434356162313231306162343234663865366239396139313936616163373434
30626130623166373164663463616362653839343739626638623630346138383530356534643732
33646436313639623731643038393461653439373563373464643165333535386633386239303963
63313234336539376566333038613030623562383030376535313932346561353430653130643233
35626233393831363462653232623434336238633834623130303831346539373566613631306661
62623665363463373937623334323138363965656131356635653036316363626139663166306537
37343434643634373033636161306262333566346132396533393234643966393136303266316164
39323933383666393866343638616264613038313735303563343533666666343431636562343864
34373531663238616339346333353764353334303836646661346462323966343162396364326666
63396166313434333237336363333839303936393363386337383762373865313962363863346332
36366533306231356363323663393866353030336133326335613565333639643261613361373335
35383030333337336665383137663739323532633234303761326562633566663061646435306336
61656437333533623565666662393437643666353438656264616335636365383234663938373634
64323335656439353965636631653863646564643136393432353136663934333031623139633633
35653738333261623861393066363162383462616466666438353437343732613835633431363738
35643163626465663761333931383831623263636533373835663933306565633965626262636661
31613634393966306230396634646433383963333336333861616663383862623463313335353832
38653061643037613061313337376361346262653933663039343762303031306161353036626362
65633137323938663839353461303232306131633763313535323461643465353265666630353566
31376166326134643165323166306436356663663164373630326230623937666131643333383435
62383335383262363131633266646333396663396232336330376232616162613763316538393466
62626331316664316231386433383563613032303832393464656630626631333933633733653932
38636364386466626136383464336163366137666535393832323337633363306366326465396263
66376138303061313466306136376530376363383165323039363366393962626566346465653833
34363733336562653637613037646238333334396538666166346137313365613531643432636339
64326664323339623730316630363331343530373334353461643564373137333061396335636663
66613535373837346362636465333365386265323031303236336335346430323337353538646239
33313836353931666433623061656562303532313537386231633661613966386630333566396432
37323438326534313032633134653765666264303133323830653033303734366632333133303962
30646434666362656538303962346439643961346230623965326663383139313464623733663164
39626631313635336365306436623830623335386338356264626364653038643832303265303364
65613633306261346338656634386531623939653963336334353234656533353365646666353066
31356465653633393463636263643137656438643732613137653935653863666261643964663433
64653733313134663838366537356432373637323865313137613064383131356165343662396630
30643633663863643962
