$ANSIBLE_VAULT;1.2;AES256;ssh
65643666313837663036383663326362396530323933663936313763346133363065386238376131
6233633066653632633435366535616263366538633062340a366336303265646463373032663336
37333038373532663462633537373165613938623066316630633235303333336564663964313663
6462326463313037310a316635356663613062373964316162376465363837303332653865303565
63383032376339663537656336653238393665303433636136653130333138643164636461373632
33306165363336303336623364663562613161313737383161626263363931646438643334613935
39646565323763393963653563373063646432656437316532383531643164663731663832343464
35353063653335323337623831613263633461376334633435643830383534336431393732303565
62393936663435343161343661346135366332656332306166373632306531303761316565333332
61636234386630373063386139353335326131303666346137656438636262626363343765373064
39363334323935373030663635356639666563333764373638643461616465343661646334376263
66646336336535336361623035356163363566666232666666643339366263316261383666663836
37643664353665333338363337316363353831353165303261313432353261666535653863373431
34616163316139323530646361623661353164366139353739633330333132623138343966326638
33363865376561306135363564653731303236363138643266323331323564353636663535346330
38313831353466353331306562363738363761313037333030343363623262653039653230653464
61353537396566353139373766386136373730626431643331393536636432653864313438633638
31666633306531646237333234633537356538353238373835356334303137656134396631333565
63663736613164353738373463323131663163303931346432643033383434636636646261653837
34636437316133386331626363663861616231366333343030333663336433666232313962383964
30386630386131343335616431313866633635373339363264346530383134383863326633303865
61613936396638663864613739616235383532386661363364363563333834633338333636306533
31626531383134393538616239323162383631633935623363383762346134323966653332646261
37646630393438633633633930653735353635346434303162336166383832623533363830326563
39653863333833353030376431363932323663333964663737393931363034633133
